name: crispr
channels:
  - bioconda
  - r
  - defaults
  - conda-forge
dependencies:
  - absl-py=0.9.0=py36_0
  - appnope=0.1.0=py36hf537a9a_0
  - astor=0.8.0=py36_0
  - backcall=0.2.0=py_0
  - biopython=1.71=py36h6440ff4_0
  - blas=1.0=mkl
  - bleach=1.5.0=py36_0
  - c-ares=1.15.0=h1de35cc_1001
  - ca-certificates=2020.6.24=0
  - certifi=2020.6.20=py36_0
  - cycler=0.10.0=py36hfc81398_0
  - decorator=4.4.2=py_0
  - entrypoints=0.3=py36_0
  - freetype=2.10.2=ha233b18_0
  - gast=0.3.3=py_0
  - grpcio=1.14.1=py36h9011c5e_0
  - h5py=2.7.1=py36ha8ecd60_2
  - hdf5=1.10.2=hfa1e0ec_1
  - html5lib=0.9999999=py36_0
  - intel-openmp=2019.4=233
  - ipykernel=5.3.0=py36h5ca1d4c_0
  - ipython=7.16.1=py36h5ca1d4c_0
  - ipython_genutils=0.2.0=py36_0
  - jedi=0.17.1=py36_0
  - jupyter_client=6.1.5=py_0
  - jupyter_core=4.6.3=py36_0
  - keras=2.1.6=py36_0
  - kiwisolver=1.2.0=py36h04f5b5a_0
  - libcxx=10.0.0=1
  - libedit=3.1.20191231=h1de35cc_1
  - libffi=3.2.1=1
  - libgfortran=3.0.1=h93005f0_2
  - libpng=1.6.37=ha441bb4_0
  - libprotobuf=3.12.3=hab81aa3_0
  - libsodium=1.0.18=h1de35cc_0
  - markdown=3.1.1=py36_0
  - matplotlib=3.1.1=py36h54f8f79_0
  - mkl=2018.0.3=1
  - ncurses=6.2=h0a44026_1
  - openssl=1.0.2u=h1de35cc_0
  - pandas=0.25.3=py36h0a44026_0
  - parso=0.7.0=py_0
  - pexpect=4.8.0=py36_0
  - pickleshare=0.7.5=py36_0
  - pip=20.1.1=py36_1
  - plotly=4.8.2=py_0
  - prompt-toolkit=3.0.5=py_0
  - protobuf=3.12.3=py36hb1e8313_0
  - ptyprocess=0.6.0=py36_0
  - pydicom=2.0.0=pyh9f0ad1d_0
  - pygments=2.6.1=py_0
  - pyparsing=2.4.7=py_0
  - python=3.6.5=hc167b69_1
  - python-dateutil=2.8.1=py_0
  - pytz=2020.1=py_0
  - pyyaml=5.3.1=py36haf1e3a3_1
  - pyzmq=19.0.1=py36hb1e8313_1
  - readline=7.0=h1de35cc_5
  - retrying=1.3.3=py36_2
  - scikit-learn=0.19.1=py36hf9f1f73_0
  - setuptools=47.3.1=py36_0
  - six=1.15.0=py_0
  - sqlite=3.32.3=hffcf06c_0
  - tensorboard=1.8.0=py36_1
  - tensorflow=1.8.0=py36_1
  - termcolor=1.1.0=py36_1
  - tk=8.6.10=hb0a8c7a_0
  - tornado=6.0.4=py36h1de35cc_1
  - traitlets=4.3.3=py36_0
  - viennarna=2.4.5=hd28b015_3
  - wcwidth=0.2.5=py_0
  - webencodings=0.5.1=py36_1
  - werkzeug=1.0.1=py_0
  - wheel=0.34.2=py36_0
  - xz=5.2.5=h1de35cc_0
  - yaml=0.2.5=haf1e3a3_0
  - zeromq=4.3.2=hb1e8313_2
  - zlib=1.2.11=h1de35cc_3
  - pip:
    - appdirs==1.4.4
    - attrs==19.3.0
    - beautifulsoup4==4.9.1
    - bokeh==1.3.0
    - bs4==0.0.1
    - chardet==3.0.4
    - click==7.1.2
    - colorama==0.4.3
    - configparser==5.0.0
    - crayons==0.3.1
    - distlib==0.3.1
    - dotmap==1.3.17
    - filelock==3.0.12
    - gpy==1.9.9
    - gpyopt==1.2.6
    - idna==2.10
    - imageio==2.9.0
    - importlib-metadata==1.7.0
    - importlib-resources==3.0.0
    - jinja2==2.11.2
    - jsonschema==3.2.0
    - lxml==4.5.1
    - markupsafe==1.1.1
    - nbformat==5.0.7
    - networkx==2.4
    - numpy==1.16.0
    - packaging==20.4
    - paramz==0.9.5
    - perl==1.0.0
    - pillow==7.2.0
    - pyfaidx==0.5.9
    - pyrsistent==0.16.0
    - python-box==4.2.3
    - pywavelets==1.1.1
    - requests==2.24.0
    - ruamel-yaml==0.16.10
    - ruamel-yaml-clib==0.2.0
    - scikit-image==0.17.2
    - scipy==1.5.1
    - seaborn==0.10.1
    - selenium==3.141.0
    - soupsieve==2.0.1
    - squiggle==0.3.1
    - tifffile==2020.7.4
    - toml==0.10.1
    - tqdm==4.47.0
    - typing-extensions==3.7.4.2
    - urllib3==1.25.9
    - virtualenv==20.0.26
    - webdriver-manager==3.2.1
    - xlrd==1.2.0
    - zipp==3.1.0
prefix: /Users/sidsd27/opt/anaconda3/envs/crispr

